WER: 0.0882252112363629
CER: 0.025844566726410997