WER: 0.06274240927087324
CER: 0.020634801278087225