WER: 0.24710373296639887
CER: 0.12611519286276568