WER: 0.3019663544764526
CER: 0.1356763316714773